980 10 5 7654
386 780 0
494 160 1215
313 573 1553
216 506 750
355 506 1630
309 268 1975
397 670 1723
222 428 1808
508 250 1644
439 619 1892
122 744 1764
104 523 1895
266 516 1785
286 872 1715
110 500 938
964 402 1731
97 135 1590
773 267 628
718 266 686
56 790 225
642 330 1508
703 550 1497
494 268 1521
831 258 1092
655 74 1137
148 217 1141
423 192 1091
467 539 1368
762 142 291
327 503 1294
771 153 520
545 746 1967
711 452 1507
486 952 1662
697 494 1832
63 350 278
639 207 1773
323 905 637
656 258 295
750 521 1781
517 462 247
188 172 1459
236 192 1198
609 398 539
201 668 1081
496 359 284
640 138 1046
521 60 391
586 635 824
705 245 1646
148 702 1019
456 125 1427
553 140 1368
521 60 1030
485 228 1406
82 719 972
426 484 934
878 277 971
610 150 1727
602 545 1214
239 592 1002
226 510 993
864 333 1672
699 109 960
231 363 773
646 558 362
609 604 459
101 743 254
117 808 916
463 102 1172
456 125 1280
401 592 1306
234 679 1046
965 305 757
155 655 395
378 506 1868
105 371 975
812 248 1732
608 91 1684
489 448 813
0 376 610
609 398 1648
720 218 814
148 217 455
864 333 1311
429 474 226
77 549 1235
209 501 1033
467 986 1088
332 311 815
77 139 1599
475 333 1535
441 484 1848
837 182 1992
264 637 1402
553 140 1106
217 843 1887
693 153 1373
280 725 698
609 452 761
513 145 1904
42 453 1500
893 263 931
62 743 697
279 778 265
625 251 1291
278 228 297
864 323 465
733 332 1262
295 852 478
735 149 1461
272 397 1111
387 147 1654
697 494 1162
355 808 343
440 197 1229
640 138 1449
570 297 1049
640 138 1951
511 621 420
336 885 387
537 379 1746
586 204 1620
226 510 1750
116 757 1771
471 462 1634
87 776 898
718 266 1088
933 358 532
274 439 312
64 528 1138
844 424 1378
319 410 1164
238 619 1760
494 447 1597
518 343 1461
390 954 1188
288 761 1060
363 213 1142
290 268 778
449 735 416
179 742 1107
812 248 795
531 680 1343
203 551 1275
563 117 1198
36 711 1951
805 356 968
544 575 333
209 509 1671
546 456 801
565 535 1773
517 462 1202
309 247 691
97 135 493
766 451 1037
586 592 598
898 234 1720
341 774 1407
178 471 1037
459 505 1988
433 771 1064
234 513 1057
348 735 1732
220 644 264
70 170 1325
563 570 1030
88 501 691
216 506 976
608 599 1537
440 197 1410
203 755 1546
402 758 986
216 613 327
365 776 1695
950 312 476
586 549 1520
332 204 1088
834 276 1338
553 283 1676
839 286 449
326 956 1949
639 383 344
217 843 635
860 232 1923
536 468 425
602 545 358
439 528 962
436 353 766
216 635 1671
693 582 1659
146 186 1369
592 95 926
834 276 646
440 980 1861
286 872 1864
334 225 1010
548 208 1144
197 494 695
521 60 972
933 358 1983
332 484 826
116 511 1639
359 592 789
173 664 1653
380 705 1767
423 620 1789
655 613 1233
69 260 891
177 311 1630
765 401 922
623 420 405
34 751 984
881 410 1651
640 403 706
290 288 451
290 268 1119
326 230 299
587 667 1636
316 223 1638
232 468 1821
324 517 1196
747 324 558
693 582 478
523 126 1815
418 726 1934
101 743 443
812 248 1018
694 518 1354
412 790 1453
129 759 1539
578 187 1666
21 388 1142
413 109 1124
261 499 1334
548 394 1000
288 517 342
471 160 1571
565 643 1836
563 635 810
49 308 730
101 743 504
812 209 1885
727 428 1129
608 91 764
822 228 1038
542 65 1380
168 626 560
745 267 1782
455 704 1808
270 895 1115
355 967 1630
193 835 1221
489 786 1925
632 52 463
367 287 1251
593 421 1643
101 743 1296
556 131 1748
864 411 1352
878 277 1318
494 657 1050
70 170 1548
824 374 462
89 123 1008
342 661 1434
799 166 1051
97 135 229
73 198 652
631 587 854
563 117 1990
572 244 1799
773 454 329
346 413 1780
592 95 1081
633 628 756
487 30 205
425 979 1394
83 575 1192
518 343 1254
111 669 868
735 149 1456
414 643 919
687 236 999
577 615 1844
147 247 1855
149 417 1190
956 398 1354
955 350 881
543 507 717
33 460 1600
712 131 1347
378 506 1354
706 122 1978
898 234 1498
639 383 577
485 459 900
264 726 1548
799 503 1111
90 256 1046
563 570 219
233 504 537
320 836 1423
457 836 1856
226 526 878
370 315 263
805 356 1763
713 403 1937
400 470 1511
544 224 1533
812 175 1319
297 905 1130
368 127 1490
614 188 1938
141 532 721
355 506 1463
147 247 1487
572 244 1004
501 146 1041
277 309 1121
300 493 714
859 301 698
345 318 475
919 397 891
216 613 354
860 232 866
70 170 837
916 333 611
329 617 902
663 535 1135
99 654 386
332 311 435
193 835 952
897 343 216
393 758 1604
39 788 1669
766 451 515
121 241 1864
348 735 1111
82 434 1189
655 613 1253
62 743 624
236 192 1154
878 277 1578
693 153 1657
251 643 1424
97 793 1556
765 401 797
141 344 1291
655 419 758
625 251 1430
812 209 1437
508 451 1910
356 346 1278
682 359 1151
396 297 1439
308 516 227
614 508 1059
412 790 1481
965 305 722
295 852 1482
191 809 274
696 309 298
234 679 1812
453 423 424
123 333 1216
473 254 1891
288 761 977
822 413 556
550 178 1618
412 790 1346
90 256 1095
976 352 1169
262 398 991
121 241 1106
239 592 1315
469 120 1715
162 218 619
828 382 592
424 160 1026
163 409 699
554 706 632
563 40 1180
563 40 1203
379 746 498
382 363 1457
95 347 1235
627 514 607
566 680 312
425 979 1302
258 851 734
241 794 741
679 69 1639
371 605 1721
436 800 245
508 451 1198
222 490 306
328 554 406
286 872 226
237 227 869
494 160 1469
515 453 1446
73 198 1540
632 52 366
494 657 814
696 309 751
65 705 1642
179 742 977
639 292 1785
679 74 798
160 312 692
512 556 292
470 444 1976
315 806 1747
920 415 1049
825 441 503
679 419 1394
913 383 800
272 333 767
355 613 1409
740 350 1252
517 355 1129
478 880 716
676 501 1343
301 798 1520
111 593 1884
239 592 802
365 776 1904
356 489 827
356 346 1797
321 336 932
336 818 1731
71 795 1091
452 457 492
886 234 1489
519 0 1235
646 558 1025
655 74 1619
15 807 1585
693 153 1050
264 637 1273
623 174 1428
705 233 1350
295 852 1127
696 309 357
658 302 712
484 160 1496
444 687 471
563 613 1773
100 318 853
390 887 1101
222 490 1836
964 402 985
455 149 1330
726 168 760
679 69 1539
448 209 1617
282 428 1608
520 711 560
401 139 1558
708 346 1242
61 697 408
460 302 597
563 117 1671
100 318 1200
297 748 1533
88 192 1656
859 301 286
839 286 1809
430 727 1982
442 249 1823
238 619 1908
374 187 1015
135 178 384
655 415 1237
147 484 589
632 333 490
171 558 666
363 239 1452
298 653 1069
467 273 1983
408 219 1667
198 457 542
586 461 751
401 440 988
401 333 1151
396 804 1026
237 855 699
272 635 1371
77 139 448
553 140 1289
162 218 541
775 292 1394
679 69 1974
705 245 356
70 170 1647
891 479 1134
610 150 1097
519 0 362
368 127 1204
542 65 1086
494 484 732
193 527 268
280 725 207
112 361 1583
145 545 457
314 519 695
544 224 1245
955 350 1122
141 344 1005
610 150 1369
488 699 1188
509 291 1401
401 592 1029
517 570 1783
113 527 1576
639 292 1068
158 690 725
938 430 704
713 403 731
334 225 1740
653 61 1434
728 497 545
255 321 1508
766 451 565
216 320 1014
65 705 1486
712 131 1426
459 505 1587
90 256 1995
613 48 1028
436 353 664
766 287 1351
188 172 1904
852 422 1782
679 419 1232
418 726 535
521 60 1234
844 424 1285
598 547 707
442 249 1466
241 794 1456
417 577 768
412 953 1830
193 657 1798
325 165 1911
655 613 636
104 195 1082
209 501 1624
513 461 567
563 40 1168
1000 366 1662
366 227 1715
490 171 1714
964 402 930
97 135 724
78 417 1995
188 172 1604
414 643 1232
733 332 529
642 168 1317
270 895 1514
288 379 1804
496 359 984
232 468 504
324 517 209
119 127 1845
334 225 1298
607 100 1656
413 109 1874
943 364 417
209 501 1586
642 168 1787
334 225 469
418 645 1598
812 175 1208
476 662 1814
333 291 798
484 160 1368
778 218 723
390 357 1867
333 291 688
122 355 1350
407 998 565
188 670 1440
582 620 1384
272 498 1791
93 791 1860
178 471 327
805 356 1034
513 145 1675
1000 366 1726
86 624 490
402 344 801
600 391 1952
356 793 1702
773 341 1427
429 310 1464
326 230 439
141 344 1094
185 527 1508
385 980 1602
434 240 1188
69 260 1199
71 795 1449
513 132 1745
971 474 1566
455 149 1959
845 305 1441
430 727 1680
570 297 1694
725 352 1183
262 398 1068
427 100 1106
679 69 229
540 205 1665
685 471 965
563 40 1842
27 446 1749
612 184 1591
171 798 683
545 746 324
881 447 389
89 388 669
765 401 1406
464 257 1229
304 501 1431
458 248 1776
255 313 499
325 165 1091
70 170 1367
436 353 1462
610 381 1066
70 170 925
671 56 377
0 376 635
139 478 987
517 355 1387
802 436 1885
325 165 919
163 409 1373
374 131 1922
208 398 1685
590 251 1800
613 48 516
485 228 1123
625 251 1974
682 147 1581
543 507 932
255 321 662
69 666 743
822 228 712
671 56 658
521 212 1770
550 178 1443
355 808 835
267 645 1907
829 419 1863
609 204 1028
912 306 1050
390 954 1907
614 188 1172
44 423 621
277 309 1500
550 178 1805
414 386 1007
471 160 1779
679 69 1305
449 735 1669
643 502 1585
288 517 1121
233 693 1186
921 475 1888
355 967 1658
641 176 1479
309 786 649
532 656 708
358 452 1430
652 381 1891
72 242 1591
553 140 1714
393 482 875
216 635 899
763 367 1495
355 967 539
828 201 1926
324 423 1413
723 211 1055
878 277 217
696 309 245
222 681 652
227 879 790
67 406 1632
663 535 1393
728 497 956
262 245 1773
563 613 1702
457 836 301
301 798 1046
136 308 994
97 135 441
354 506 1414
274 511 1793
788 419 1752
334 357 386
427 100 1523
933 419 1826
328 589 598
390 357 572
198 205 501
104 523 464
288 761 683
101 204 917
494 160 1783
614 284 1782
438 1000 1614
414 835 1194
135 178 910
537 379 338
1000 366 1962
897 343 512
582 620 200
663 535 1522
402 729 1588
635 445 693
414 835 1023
412 953 1050
663 535 655
116 757 739
148 702 1463
364 725 1126
424 160 1901
385 679 800
153 696 1285
216 549 989
834 276 608
225 472 910
390 481 1736
105 371 1646
193 549 1347
332 700 971
414 386 710
520 711 745
572 244 1355
481 63 1184
614 284 1302
158 378 1010
356 268 1644
802 436 1569
122 744 1925
675 439 402
976 352 1341
335 389 1156
625 327 1839
297 748 1205
423 192 1763
675 306 1955
685 471 1417
332 894 1079
110 500 1775
623 420 251
517 355 1440
272 635 1580
145 545 288
418 377 1161
703 191 1928
675 439 713
795 383 318
435 275 1169
658 603 515
469 120 1716
837 182 1431
334 225 849
723 211 1278
212 616 1132
116 511 1137
27 446 1222
424 915 1582
119 147 668
400 470 820
485 228 1814
710 258 824
39 384 1286
216 271 542
950 312 664
216 678 601
505 11 1651
257 225 1297
510 28 1679
481 63 1515
560 481 1309
167 290 1345
560 481 603
633 348 765
169 277 1695
586 592 1319
356 489 1018
297 344 272
812 175 792
380 768 1544
911 324 775
441 904 1042
456 125 1889
255 313 1705
355 570 1815
955 350 805
563 613 1112
420 148 1491
393 554 251
417 577 1405
304 501 463
418 377 1775
403 278 1517
193 835 1698
196 266 518
312 176 407
393 758 767
452 457 1959
563 570 1430
466 534 308
439 619 1888
401 440 1472
548 394 1461
385 980 964
886 330 1300
366 227 1345
423 192 1535
429 474 1990
365 776 441
897 343 295
122 604 1068
463 102 1881
544 575 1079
216 613 1732
563 40 1159
148 702 249
553 140 1020
801 319 1662
439 944 570
277 309 271
530 597 506
354 898 1387
632 333 1463
163 409 1393
321 336 1287
440 197 1064
88 192 661
382 202 1281
835 338 794
390 237 1903
639 383 1979
390 357 1509
147 247 1447
622 192 1353
378 613 703
639 292 1939
586 204 1187
77 139 1308
396 935 941
299 741 418
473 616 911
350 399 1127
517 828 1022
410 541 1275
563 569 407
978 448 289
536 468 727
262 398 701
519 762 1824
72 242 421
802 436 861
49 308 570
19 436 974
642 330 994
368 484 1717
764 131 1212
413 484 1171
308 707 1238
614 508 864
834 276 1614
711 452 1950
1000 366 1206
661 465 1299
272 397 209
703 550 897
141 805 444
128 742 990
594 306 716
470 444 1756
614 284 1338
356 793 1553
274 805 852
173 492 340
119 147 1089
353 613 226
632 333 1368
758 523 1741
466 534 1365
160 312 539
220 644 1548
470 444 726
883 298 1145
685 471 1478
333 291 625
550 106 1386
107 701 1767
824 374 1568
812 248 972
140 620 1091
485 228 1926
387 575 1000
852 422 1786
179 742 1932
609 268 1936
19 436 862
429 474 1212
853 393 314
494 721 1720
933 358 926
160 312 1809
316 654 1400
606 570 1513
259 670 1343
203 245 580
496 359 1808
325 165 1863
725 352 403
230 769 1158
216 536 1875
226 510 209
149 529 530
913 441 1422
517 355 830
878 277 1470
99 793 1524
88 289 1390
119 147 1063
370 843 886
238 619 547
878 277 275
548 394 453
501 146 1397
766 451 1799
226 510 862
452 559 1875
413 109 1130
663 535 1982
540 484 858
436 353 1381
798 425 1486
237 487 907
205 858 1869
824 374 1310
820 430 1159
101 438 1225
726 168 1505
147 247 1868
346 981 1072
857 279 937
75 581 813
96 489 1146
530 597 1171
104 195 319
699 109 280
372 633 631
216 613 588
503 188 1738
131 705 1050
427 100 1179
387 295 1244
916 333 1216
822 228 765
568 207 1976
769 190 712
226 595 1570
80 466 551
667 181 1307
418 377 272
220 792 1498
442 86 1110
